/*--------------------------------*- C++ -*----------------------------------*\
| =========                 |                                                 |
| \\      /  F ield         | foam-extend: Open Source CFD                    |
|  \\    /   O peration     | Version:     4.0                                |
|   \\  /    A nd           | Web:         http://www.foam-extend.org         |
|    \\/     M anipulation  |                                                 |
\*---------------------------------------------------------------------------*/
FoamFile
{
    version     2.0;
    format      ascii;
    class       faceSet;
    location    "constant/polyMesh/sets";
    object      fluidInterfaceZone;
}
// * * * * * * * * * * * * * * * * * * * * * * * * * * * * * * * * * * * * * //


1560
(
577260 
577261 
577262 
577263 
577264 
577265 
577266 
577267 
577268 
577269 
577270 
577271 
577272 
577273 
577274 
577275 
577276 
577277 
577278 
577279 
577280 
577281 
577282 
577283 
577284 
577285 
577286 
577287 
577288 
577289 
577290 
577291 
577292 
577293 
577294 
577295 
577296 
577297 
577298 
577299 
577300 
577301 
577302 
577303 
577304 
577305 
577306 
577307 
577308 
577309 
577310 
577311 
577312 
577313 
577314 
577315 
577316 
577317 
577318 
577319 
577320 
577321 
577322 
577323 
577324 
577325 
577326 
577327 
577328 
577329 
577330 
577331 
577332 
577333 
577334 
577335 
577336 
577337 
577338 
577339 
577340 
577341 
577342 
577343 
577344 
577345 
577346 
577347 
577348 
577349 
577350 
577351 
577352 
577353 
577354 
577355 
577356 
577357 
577358 
577359 
577360 
577361 
577362 
577363 
577364 
577365 
577366 
577367 
577368 
577369 
577370 
577371 
577372 
577373 
577374 
577375 
577376 
577377 
577378 
577379 
577380 
577381 
577382 
577383 
577384 
577385 
577386 
577387 
577388 
577389 
577390 
577391 
577392 
577393 
577394 
577395 
577396 
577397 
577398 
577399 
577400 
577401 
577402 
577403 
577404 
577405 
577406 
577407 
577408 
577409 
577410 
577411 
577412 
577413 
577414 
577415 
577416 
577417 
577418 
577419 
577420 
577421 
577422 
577423 
577424 
577425 
577426 
577427 
577428 
577429 
577430 
577431 
577432 
577433 
577434 
577435 
577436 
577437 
577438 
577439 
577440 
577441 
577442 
577443 
577444 
577445 
577446 
577447 
577448 
577449 
577450 
577451 
577452 
577453 
577454 
577455 
577456 
577457 
577458 
577459 
577460 
577461 
577462 
577463 
577464 
577465 
577466 
577467 
577468 
577469 
577470 
577471 
577472 
577473 
577474 
577475 
577476 
577477 
577478 
577479 
577480 
577481 
577482 
577483 
577484 
577485 
577486 
577487 
577488 
577489 
577490 
577491 
577492 
577493 
577494 
577495 
577496 
577497 
577498 
577499 
577500 
577501 
577502 
577503 
577504 
577505 
577506 
577507 
577508 
577509 
577510 
577511 
577512 
577513 
577514 
577515 
577516 
577517 
577518 
577519 
577520 
577521 
577522 
577523 
577524 
577525 
577526 
577527 
577528 
577529 
577530 
577531 
577532 
577533 
577534 
577535 
577536 
577537 
577538 
577539 
577540 
577541 
577542 
577543 
577544 
577545 
577546 
577547 
577548 
577549 
577550 
577551 
577552 
577553 
577554 
577555 
577556 
577557 
577558 
577559 
577560 
577561 
577562 
577563 
577564 
577565 
577566 
577567 
577568 
577569 
577570 
577571 
577572 
577573 
577574 
577575 
577576 
577577 
577578 
577579 
577580 
577581 
577582 
577583 
577584 
577585 
577586 
577587 
577588 
577589 
577590 
577591 
577592 
577593 
577594 
577595 
577596 
577597 
577598 
577599 
577600 
577601 
577602 
577603 
577604 
577605 
577606 
577607 
577608 
577609 
577610 
577611 
577612 
577613 
577614 
577615 
577616 
577617 
577618 
577619 
577620 
577621 
577622 
577623 
577624 
577625 
577626 
577627 
577628 
577629 
577630 
577631 
577632 
577633 
577634 
577635 
577636 
577637 
577638 
577639 
577640 
577641 
577642 
577643 
577644 
577645 
577646 
577647 
577648 
577649 
577650 
577651 
577652 
577653 
577654 
577655 
577656 
577657 
577658 
577659 
577660 
577661 
577662 
577663 
577664 
577665 
577666 
577667 
577668 
577669 
577670 
577671 
577672 
577673 
577674 
577675 
577676 
577677 
577678 
577679 
577680 
577681 
577682 
577683 
577684 
577685 
577686 
577687 
577688 
577689 
577690 
577691 
577692 
577693 
577694 
577695 
577696 
577697 
577698 
577699 
577700 
577701 
577702 
577703 
577704 
577705 
577706 
577707 
577708 
577709 
577710 
577711 
577712 
577713 
577714 
577715 
577716 
577717 
577718 
577719 
577720 
577721 
577722 
577723 
577724 
577725 
577726 
577727 
577728 
577729 
577730 
577731 
577732 
577733 
577734 
577735 
577736 
577737 
577738 
577739 
577740 
577741 
577742 
577743 
577744 
577745 
577746 
577747 
577748 
577749 
577750 
577751 
577752 
577753 
577754 
577755 
577756 
577757 
577758 
577759 
577760 
577761 
577762 
577763 
577764 
577765 
577766 
577767 
577768 
577769 
577770 
577771 
577772 
577773 
577774 
577775 
577776 
577777 
577778 
577779 
577780 
577781 
577782 
577783 
577784 
577785 
577786 
577787 
577788 
577789 
577790 
577791 
577792 
577793 
577794 
577795 
577796 
577797 
577798 
577799 
577800 
577801 
577802 
577803 
577804 
577805 
577806 
577807 
577808 
577809 
577810 
577811 
577812 
577813 
577814 
577815 
577816 
577817 
577818 
577819 
577820 
577821 
577822 
577823 
577824 
577825 
577826 
577827 
577828 
577829 
577830 
577831 
577832 
577833 
577834 
577835 
577836 
577837 
577838 
577839 
577840 
577841 
577842 
577843 
577844 
577845 
577846 
577847 
577848 
577849 
577850 
577851 
577852 
577853 
577854 
577855 
577856 
577857 
577858 
577859 
577860 
577861 
577862 
577863 
577864 
577865 
577866 
577867 
577868 
577869 
577870 
577871 
577872 
577873 
577874 
577875 
577876 
577877 
577878 
577879 
577880 
577881 
577882 
577883 
577884 
577885 
577886 
577887 
577888 
577889 
577890 
577891 
577892 
577893 
577894 
577895 
577896 
577897 
577898 
577899 
577900 
577901 
577902 
577903 
577904 
577905 
577906 
577907 
577908 
577909 
577910 
577911 
577912 
577913 
577914 
577915 
577916 
577917 
577918 
577919 
577920 
577921 
577922 
577923 
577924 
577925 
577926 
577927 
577928 
577929 
577930 
577931 
577932 
577933 
577934 
577935 
577936 
577937 
577938 
577939 
577940 
577941 
577942 
577943 
577944 
577945 
577946 
577947 
577948 
577949 
577950 
577951 
577952 
577953 
577954 
577955 
577956 
577957 
577958 
577959 
577960 
577961 
577962 
577963 
577964 
577965 
577966 
577967 
577968 
577969 
577970 
577971 
577972 
577973 
577974 
577975 
577976 
577977 
577978 
577979 
577980 
577981 
577982 
577983 
577984 
577985 
577986 
577987 
577988 
577989 
577990 
577991 
577992 
577993 
577994 
577995 
577996 
577997 
577998 
577999 
578000 
578001 
578002 
578003 
578004 
578005 
578006 
578007 
578008 
578009 
578010 
578011 
578012 
578013 
578014 
578015 
578016 
578017 
578018 
578019 
578020 
578021 
578022 
578023 
578024 
578025 
578026 
578027 
578028 
578029 
578030 
578031 
578032 
578033 
578034 
578035 
578036 
578037 
578038 
578039 
578040 
578041 
578042 
578043 
578044 
578045 
578046 
578047 
578048 
578049 
578050 
578051 
578052 
578053 
578054 
578055 
578056 
578057 
578058 
578059 
578060 
578061 
578062 
578063 
578064 
578065 
578066 
578067 
578068 
578069 
578070 
578071 
578072 
578073 
578074 
578075 
578076 
578077 
578078 
578079 
578080 
578081 
578082 
578083 
578084 
578085 
578086 
578087 
578088 
578089 
578090 
578091 
578092 
578093 
578094 
578095 
578096 
578097 
578098 
578099 
578100 
578101 
578102 
578103 
578104 
578105 
578106 
578107 
578108 
578109 
578110 
578111 
578112 
578113 
578114 
578115 
578116 
578117 
578118 
578119 
578120 
578121 
578122 
578123 
578124 
578125 
578126 
578127 
578128 
578129 
578130 
578131 
578132 
578133 
578134 
578135 
578136 
578137 
578138 
578139 
578140 
578141 
578142 
578143 
578144 
578145 
578146 
578147 
578148 
578149 
578150 
578151 
578152 
578153 
578154 
578155 
578156 
578157 
578158 
578159 
578160 
578161 
578162 
578163 
578164 
578165 
578166 
578167 
578168 
578169 
578170 
578171 
578172 
578173 
578174 
578175 
578176 
578177 
578178 
578179 
578180 
578181 
578182 
578183 
578184 
578185 
578186 
578187 
578188 
578189 
578190 
578191 
578192 
578193 
578194 
578195 
578196 
578197 
578198 
578199 
578200 
578201 
578202 
578203 
578204 
578205 
578206 
578207 
578208 
578209 
578210 
578211 
578212 
578213 
578214 
578215 
578216 
578217 
578218 
578219 
578220 
578221 
578222 
578223 
578224 
578225 
578226 
578227 
578228 
578229 
578230 
578231 
578232 
578233 
578234 
578235 
578236 
578237 
578238 
578239 
578240 
578241 
578242 
578243 
578244 
578245 
578246 
578247 
578248 
578249 
578250 
578251 
578252 
578253 
578254 
578255 
578256 
578257 
578258 
578259 
578260 
578261 
578262 
578263 
578264 
578265 
578266 
578267 
578268 
578269 
578270 
578271 
578272 
578273 
578274 
578275 
578276 
578277 
578278 
578279 
578280 
578281 
578282 
578283 
578284 
578285 
578286 
578287 
578288 
578289 
578290 
578291 
578292 
578293 
578294 
578295 
578296 
578297 
578298 
578299 
578300 
578301 
578302 
578303 
578304 
578305 
578306 
578307 
578308 
578309 
578310 
578311 
578312 
578313 
578314 
578315 
578316 
578317 
578318 
578319 
578320 
578321 
578322 
578323 
578324 
578325 
578326 
578327 
578328 
578329 
578330 
578331 
578332 
578333 
578334 
578335 
578336 
578337 
578338 
578339 
578340 
578341 
578342 
578343 
578344 
578345 
578346 
578347 
578348 
578349 
578350 
578351 
578352 
578353 
578354 
578355 
578356 
578357 
578358 
578359 
578360 
578361 
578362 
578363 
578364 
578365 
578366 
578367 
578368 
578369 
578370 
578371 
578372 
578373 
578374 
578375 
578376 
578377 
578378 
578379 
578380 
578381 
578382 
578383 
578384 
578385 
578386 
578387 
578388 
578389 
578390 
578391 
578392 
578393 
578394 
578395 
578396 
578397 
578398 
578399 
578400 
578401 
578402 
578403 
578404 
578405 
578406 
578407 
578408 
578409 
578410 
578411 
578412 
578413 
578414 
578415 
578416 
578417 
578418 
578419 
578420 
578421 
578422 
578423 
578424 
578425 
578426 
578427 
578428 
578429 
578430 
578431 
578432 
578433 
578434 
578435 
578436 
578437 
578438 
578439 
578440 
578441 
578442 
578443 
578444 
578445 
578446 
578447 
578448 
578449 
578450 
578451 
578452 
578453 
578454 
578455 
578456 
578457 
578458 
578459 
578460 
578461 
578462 
578463 
578464 
578465 
578466 
578467 
578468 
578469 
578470 
578471 
578472 
578473 
578474 
578475 
578476 
578477 
578478 
578479 
578480 
578481 
578482 
578483 
578484 
578485 
578486 
578487 
578488 
578489 
578490 
578491 
578492 
578493 
578494 
578495 
578496 
578497 
578498 
578499 
578500 
578501 
578502 
578503 
578504 
578505 
578506 
578507 
578508 
578509 
578510 
578511 
578512 
578513 
578514 
578515 
578516 
578517 
578518 
578519 
578520 
578521 
578522 
578523 
578524 
578525 
578526 
578527 
578528 
578529 
578530 
578531 
578532 
578533 
578534 
578535 
578536 
578537 
578538 
578539 
578540 
578541 
578542 
578543 
578544 
578545 
578546 
578547 
578548 
578549 
578550 
578551 
578552 
578553 
578554 
578555 
578556 
578557 
578558 
578559 
578560 
578561 
578562 
578563 
578564 
578565 
578566 
578567 
578568 
578569 
578570 
578571 
578572 
578573 
578574 
578575 
578576 
578577 
578578 
578579 
578580 
578581 
578582 
578583 
578584 
578585 
578586 
578587 
578588 
578589 
578590 
578591 
578592 
578593 
578594 
578595 
578596 
578597 
578598 
578599 
578600 
578601 
578602 
578603 
578604 
578605 
578606 
578607 
578608 
578609 
578610 
578611 
578612 
578613 
578614 
578615 
578616 
578617 
578618 
578619 
578620 
578621 
578622 
578623 
578624 
578625 
578626 
578627 
578628 
578629 
578630 
578631 
578632 
578633 
578634 
578635 
578636 
578637 
578638 
578639 
578640 
578641 
578642 
578643 
578644 
578645 
578646 
578647 
578648 
578649 
578650 
578651 
578652 
578653 
578654 
578655 
578656 
578657 
578658 
578659 
578660 
578661 
578662 
578663 
578664 
578665 
578666 
578667 
578668 
578669 
578670 
578671 
578672 
578673 
578674 
578675 
578676 
578677 
578678 
578679 
578680 
578681 
578682 
578683 
578684 
578685 
578686 
578687 
578688 
578689 
578690 
578691 
578692 
578693 
578694 
578695 
578696 
578697 
578698 
578699 
578700 
578701 
578702 
578703 
578704 
578705 
578706 
578707 
578708 
578709 
578710 
578711 
578712 
578713 
578714 
578715 
578716 
578717 
578718 
578719 
578720 
578721 
578722 
578723 
578724 
578725 
578726 
578727 
578728 
578729 
578730 
578731 
578732 
578733 
578734 
578735 
578736 
578737 
578738 
578739 
578740 
578741 
578742 
578743 
578744 
578745 
578746 
578747 
578748 
578749 
578750 
578751 
578752 
578753 
578754 
578755 
578756 
578757 
578758 
578759 
578760 
578761 
578762 
578763 
578764 
578765 
578766 
578767 
578768 
578769 
578770 
578771 
578772 
578773 
578774 
578775 
578776 
578777 
578778 
578779 
578780 
578781 
578782 
578783 
578784 
578785 
578786 
578787 
578788 
578789 
578790 
578791 
578792 
578793 
578794 
578795 
578796 
578797 
578798 
578799 
578800 
578801 
578802 
578803 
578804 
578805 
578806 
578807 
578808 
578809 
578810 
578811 
578812 
578813 
578814 
578815 
578816 
578817 
578818 
578819 
)

// ************************************************************************* //
